100
2 1
500 300
900
660
2 1
500 300
1500
809
2 2
50 100
450 449
1100 1101
2 1
500 300
300
500
1 8
10
11 13 17 11 16 14 12 18
1 5
6
36 66 48 49 24
2 8
6 8
6480 13278 2350 2400 9000 10646 5907 7236
3366 9715 3200 14011 18345 7349 10560 12000
1 3
4
7895 9668 6800
1 7
10
8300 8685 7714 8564 7200 8000 7428
2 1
7 4
21
12
1 7
235197
995817 538668 836833 610890 919498 783368 588341
1 5
235412
890597 821398 999864 675724 877680
2 8
2 7
200 200 212 180 220 219 184 186
643 677 630 745 700 700 770 725
2 3
3 2
33 3 3
2 2 18
1 6
3
540 1939 965 1500 303 1090
2 8
73319 66822
698312 540052 988979 821648 878575 623321 929257 947736
497365 962789 192894 837035 852669 925355 410082 296113
2 3
423429 70635
722641 375365 640582
574960 256637 598988
2 8
8 2
30 39 16 39 72 43 88 56
11 4 14 18 10 22 8 9
1 4
4
5280 5126 7360 1200
1 3
8
862 800 790
1 1
5
1910
2 1
6 4
3000
2000
1 1
8
919872
1 4
2
2227 2349 2200 2420
2 1
8 2
3200
800
1 4
5
6363 7638 6416 7755
1 1
1
95
2 8
10 1
10 10 11 9 9 110 10 90
1 1 1 1 9 11 1 1
2 3
6 4
638 1858 1200
1138 800 439
2 7
8 2
34 15 56 8 72 8 40
8 22 2 4 14 2 10
1 3
693502
910798 854905 716066
2 5
5 8
2200 1888 1968 2000 2050
3258 2880 3447 3086 3200
2 1
5 10
516
1098
2 8
1 1
1000000 999999 999998 999997 999996 999995 999994 999993
999992 999991 999990 999989 999988 999987 999986 999985
2 2
4 9
7200 2671
19800 5880
1 7
31880
612333 502904 954625 825826 957255 841768 969385
2 8
365983 67995
350861 397522 914782 857321 495479 260804 670927 915338
262354 683213 996831 610077 484171 719889 558956 992763
2 2
4 1
24 29
6 7
2 5
8 1
13509 12800 12237 12811 14080
1600 1754 1440 1494 1653
1 8
10
5 7 8 2 3 4 1 6
2 1
10 9
1084
902
2 7
10 4
3235 1033 6360 2000 7000 3852 4500
800 2200 1536 2321 361 2800 1296
2 8
10 2
110 10 9 9 9 10 10 110
18 2 2 2 18 2 2 2
1 6
7
11900 6160 17643 4870 4882 641
1 5
80653
957576 741263 606104 565715 259262
1 3
52056
177078 904245 186083
1 8
8
5121 6355 1605 5269 3600 3200 825 2167
2 3
8 6
29 33 40
30 23 24
2 8
8 10
4800 3100 6877 5285 3600 1681 800 2404
3993 8075 1000 5500 7589 6000 3078 2016
1 2
1
2286 1948
2 2
325700 1314
908228 877242
999677 741186
2 8
2 10
1463 1355 1400 1400 1485 1260 1512 1423
7412 7334 6848 7000 6772 7700 7466 7000
2 1
589621 218838
464335
615929
2 8
6 6
15368 13500 13623 14200 15172 16500 14352 14994
13500 14994 16500 15630 13641 14389 15846 14436
1 1
6
6006
2 7
4 7
5788 10334 2043 3600 6480 2255 2400
4200 18577 9752 13860 7700 4063 3622
2 5
8 6
3433 3292 2880 3200 2931
2400 2407 2286 2324 2640
1 3
1000000
900001 899999 900000
2 8
8929 368287
769610 701630 979091 520423 720764 907001 991153 179429
845399 579054 971393 613796 708486 217083 662167 918822
2 5
7 9
14907 11900 15917 15546 6160
21078 21068 6480 15300 20470
1 5
7
1342 2794 3724 2310 700
2 2
7 10
4362 3806
6242 5777
2 3
3 10
5574 330 1467
18300 4875 900
1 3
7
2100 1476 651
2 8
1 2
367 850 660 500 110 322 200 700
1716 630 180 1400 830 905 1080 400
2 7
2 10
3800 3933 3747 3800 3858 3420 3842
20900 17274 19491 19000 20261 19000 20507
1 4
1
1 8 4 9
1 8
5
27 5 11 40 11 5 55 35
2 3
10 1
110 68 21
2 9 7
2 6
6 3
49 36 12 11 66 54
6 24 18 6 33 27
2 2
8 10
5112 5157
7810 6712
2 3
9 10
15672 14014 16830
15300 18558 16996
2 8
3 5
4500 4077 4065 4273 4082 4950 4729 4259
7914 6750 6770 7500 7249 7167 8305 7500
2 7
5 2
8260 8924 8490 7650 8505 8796 8431
3626 3329 3740 3396 3681 3402 3189
2 7
5 9
2700 3025 3153 2773 2980 2787 3291
5940 5884 5101 5495 5445 5364 5352
1 5
7
17563 19250 17535 17689 16655
2 2
2 5
1800 1263
4500 2862
2 5
4 2
6224 6000 5617 6600 6155
2700 2875 3211 3000 3058
2 8
92400 50960
776548 720931 529099 721696 995839 959852 455735 481231
997668 782918 217437 316061 997875 995010 885195 997217
2 1
581549 112737
802958
98052
1 1
6
6
1 3
3
6 24 11
2 8
3 2
23 3 20 3 6 33 9 15
2 18 6 2 4 15 10 14
2 8
10 9
1932 8065 1000 3619 3110 4500 6540 6000
2768 900 7376 5400 1773 4950 5752 3461
2 8
3 6
3 33 3 3 3 3 3 33
54 6 6 6 54 6 6 6
2 7
3 1
543 591 585 626 660 540 611
213 190 220 199 197 196 180
1 8
3
23 33 3 12 6 6 21 27
1 2
10
79 70
1 1
6
7630
2 8
3 6
2310 2292 1994 2166 2115 2076 2150 2103
3802 4224 3780 4506 4206 4230 4445 4270
1 6
6
14520 13946 13473 13629 12724 13200
1 4
7
7 7 7 7
1 8
203564
451987 794934 909951 690297 914941 856242 931709 900994
2 8
2 9
600 4457 3492 4840 4517 440 817 900
16363 1620 2700 23459 20847 19544 4950 3273
2 3
5 7
2015 1893 2200
2520 2821 2778
1 7
7
15750 6938 4900 6300 9271 16931 1500
2 3
3 1
6600 6838 5940
2411 2420 2200
1 7
7
2310 5047 13074 11200 16909 11476 16178
2 6
1 2
593 107 200 291 520 440
1084 720 600 400 205 1196
1 3
1
105 200 301
